4294967279,21
4294967278,187
4294967279,399
4294967278,321
4294967279,398
4294967278,185
4294967279,18
4294967279,16
4294967279,14
4294967279,12
4294967279,397
4294967278,320
4294967279,396
4294967278,183
4,4
4,5
4294967279,395
4294967278,319
4294967279,394
2,4
4294967278,181
4294967279,11
4294967279,9
4294967279,393
4294967294,7
4294967278,318
4294967279,392
4294967279,260
4294967279,0
4,6
8,5
4294967278,317
4294967278,260
4294967278,0
4294967278,132
4294967278,131
4294967278,130
4294967278,129
4294967278,128
4294967278,127
4294967278,126
4294967278,125
4294967278,124
4294967278,123
4294967278,122
4294967278,121
4294967278,120
4294967278,119
4294967278,118
4294967278,117
4294967278,116
4294967278,115
4294967278,114
4294967278,113
4294967278,112
4294967278,111
4294967278,110
4294967278,109
4294967278,108
4294967278,107
4294967278,106
4294967278,105
4294967278,104
4294967278,103
4294967278,102
4294967278,101
4294967278,100
4294967278,99
4294967278,98
4294967278,97
4294967278,96
4294967278,95
4294967278,94
4294967278,93
4294967278,92
4294967278,91
4294967278,90
4294967278,89
4294967278,87
4294967278,86
4294967278,85
4294967278,84
4294967278,83
4294967278,82
4294967278,81
4294967278,80
4294967278,79
4294967278,78
4294967278,77
4294967278,76
4294967278,75
4294967278,74
4294967278,73
4294967278,72
4294967278,71
4294967278,70
4294967278,69
4294967278,68
4294967278,67
4294967278,66
4294967278,64
4294967278,63
4294967278,61
4294967278,60
4294967278,59
4294967278,58
4294967278,56
4294967278,53
4294967278,51
4294967278,50
4294967278,48
4294967278,46
4294967278,44
4294967278,42
4294967278,40
4294967279,299
4294967279,38
4294967279,36
4294967279,33
4294967279,30
4294967279,28
4294967279,25
4294967279,24
4294967279,22
4294967279,20
4294967279,19
4294967279,17
4294967279,15
4294967279,13
4294967279,10
4294967279,8
4294967279,7
4294967279,6
4294967279,5
4294967279,4
4294967279,391
4294967278,316
4294967278,65
4294967278,177
4294967294,975
4294967294,1421
4294967278,175
4294967278,315
4294967278,62
4294967279,390
4294967278,173
4294967279,389
4294967278,172
4294967279,388
4294967294,2
4294967294,1420
4,3
4294967279,387
4294967294,15
4294967294,173
4294967294,180
4294967294,30
4294967294,160
4294967294,163
4294967294,97
4294967294,384
4294967294,185
4294967294,1
4294967294,46
4294967294,115
4294967294,165
4294967294,168
4294967294,162
4294967294,12
4294967294,68
4294967294,11
4294967294,24
4294967294,183
4294967278,314
4294967278,57
4294967294,971
4294967294,1021
4294967279,386
4294967279,385
4294967294,0
4294967294,81
4294967278,313
4294967278,55
4294967279,384
4294967294,17
4294967294,67
4294967294,36
4294967294,39
4294967278,312
4294967278,54
4294967279,319
4294967278,165
4294967294,393
4294967294,53
4294967294,413
4294967294,1019
4294967294,988
4294967294,28
4294967294,989
4294967294,27
4294967294,1020
4294967294,26
4294967294,25
4294967294,90
4294967294,87
4294967294,84
4294967294,426
4294967294,51
4294967294,470
4294967278,164
4294967278,311
4294967278,52
4294967279,318
4294967278,163
4294967279,317
4294967278,310
4294967278,49
4294967278,159
12,4
4294967278,160
12,3
12,2
12,1
4294967278,47
4294967278,43
4294967278,45
4294967278,307
4294967278,155
4294967278,156
4294967278,301
0,5
4294967278,39
4294967278,41
4294967294,6
4294967294,94
4294967294,96
4294967294,42
4294967294,8
0,7
4294967294,93
4294967294,95
4294967294,5
9,4
9,3
9,1
4294967279,316
4294967279,315
4294967279,314
4294967294,472
4294967278,309
4294967293,131
4294967293,130
4294967293,129
4294967293,128
4294967293,127
4294967293,126
4294967293,125
4294967293,124
4294967293,123
4294967293,122
4294967293,121
4294967293,120
4294967293,119
4294967293,118
4294967293,117
4294967293,116
4294967293,115
4294967293,114
4294967293,113
4294967293,112
4294967293,111
4294967293,110
4294967293,109
4294967293,108
4294967293,107
4294967293,106
4294967293,105
4294967293,104
4294967293,103
4294967293,102
